         2.295394659084896e+00          3.478089027861795e-01
         2.301749570995682e+00          3.471944180891717e-01
         2.310055935711933e+00          3.430870635802795e-01
         2.294624687390618e+00          3.499401768760643e-01
         2.323547448620101e+00          3.425036178905834e-01
         2.320273873808902e+00          3.448921774310738e-01
         2.320532530955433e+00          3.440105792470832e-01
         2.295402940763082e+00          3.434385169690737e-01
         2.306875208851044e+00          3.443944481958746e-01
         2.316153660227182e+00          3.416568586721552e-01
         2.297229018797506e+00          3.436267633043064e-01
         2.293714423360713e+00          3.454698126123109e-01
         2.320633618176683e+00          3.428848945794191e-01
         2.323474000555591e+00          3.398185436625179e-01
         2.282355245264508e+00          3.473213776245357e-01
         2.322462133904144e+00          3.381464879734819e-01
         2.311088456361463e+00          3.445627819010885e-01
         2.286335141462329e+00          3.453122566654688e-01
         2.295526268506263e+00          3.450953473755081e-01
         2.299063816886410e+00          3.455721395196049e-01
         2.285950328805611e+00          3.467121354114696e-01
         2.307442651054099e+00          3.434566602024988e-01
         2.327817212954634e+00          3.446152886318489e-01
         2.328967922775317e+00          3.425000237381751e-01
         2.319787472089971e+00          3.401608713699784e-01
         2.303676266761296e+00          3.436225891495263e-01
         2.319725502304604e+00          3.400658274777518e-01
         2.289151769300200e+00          3.518266971508616e-01
         2.333411173669229e+00          3.377649143028423e-01
         2.301393684020370e+00          3.434118608395350e-01
         2.307322629582700e+00          3.438946162202624e-01
         2.316330643233882e+00          3.409749264345422e-01
         2.304815884284468e+00          3.418814853724308e-01
         2.329591975223877e+00          3.398371948053940e-01
         2.316014174926130e+00          3.440337082638549e-01
         2.311032637020900e+00          3.437593438411242e-01
         2.293058401998364e+00          3.443667768906910e-01
         2.309882023937245e+00          3.420867113973490e-01
         2.303652915562008e+00          3.454429290437531e-01
         2.312532705645253e+00          3.436731415582683e-01
         2.295880935036286e+00          3.428539128846455e-01
         2.274914825770147e+00          3.471356089325942e-01
         2.311353596830177e+00          3.451725087314728e-01
         2.303951135935344e+00          3.456197909184382e-01
         2.329944146666827e+00          3.394002732207553e-01
         2.283328414974432e+00          3.450841149975152e-01
         2.322542881534948e+00          3.406043684937919e-01
         2.304473628191051e+00          3.424367791619756e-01
         2.297726988766684e+00          3.436383908650502e-01
         2.290814312726587e+00          3.488201849679682e-01
         2.304593851953867e+00          3.445664515761308e-01
         2.316586177666786e+00          3.445295344830661e-01
         2.331135850201600e+00          3.404243052264183e-01
         2.303974986416916e+00          3.435519201025197e-01
         2.297647377949203e+00          3.448945970850982e-01
         2.297403600114735e+00          3.456492955282485e-01
         2.314023869873881e+00          3.437692360435483e-01
         2.329520306360205e+00          3.424597459438652e-01
         2.324682247781806e+00          3.419356362672737e-01
         2.304116011785944e+00          3.452134402335096e-01
         2.314505052180535e+00          3.429350116538744e-01
         2.301804385918767e+00          3.450268597275780e-01
         2.323208692010742e+00          3.415913516032660e-01
         2.328641333510852e+00          3.423654987678121e-01
         2.297613390477365e+00          3.467969750736361e-01
         2.285686805161123e+00          3.471453524819069e-01
         2.316922418451046e+00          3.410230939487313e-01
         2.294047108548788e+00          3.446612207985580e-01
         2.285493272130053e+00          3.482663416324333e-01
         2.311768419569685e+00          3.422841633982342e-01
         2.314486657456722e+00          3.435261737937392e-01
         2.305564209688555e+00          3.446570567350877e-01
         2.304039562510334e+00          3.441437800878203e-01
         2.310208855373868e+00          3.446376008200810e-01
         2.316581511081780e+00          3.440890701552536e-01
         2.312649576866762e+00          3.437837753647875e-01
         2.302789634437489e+00          3.426242649068511e-01
         2.294551028058187e+00          3.447901650887970e-01
         2.328283712530396e+00          3.409787483890038e-01
         2.311728580333052e+00          3.445100251885482e-01
         2.310545167316016e+00          3.411058087980502e-01
         2.308916725164466e+00          3.421515017809847e-01
         2.306095849510889e+00          3.438396132765908e-01
         2.302042550258161e+00          3.471646365951438e-01
         2.335112755736059e+00          3.388158070285683e-01
         2.314374791285085e+00          3.407329097265676e-01
         2.325699826986425e+00          3.393091831799695e-01
         2.299883509094549e+00          3.435847312852125e-01
         2.309614657040274e+00          3.437744529165723e-01
         2.290646826271669e+00          3.458081953940653e-01
         2.339929211425413e+00          3.394644261742500e-01
         2.319217279107214e+00          3.408661048656706e-01
         2.291730953515871e+00          3.469229546404231e-01
         2.345694498378467e+00          3.375681020341276e-01
         2.317477917436232e+00          3.432956574729131e-01
         2.288660187771627e+00          3.460789317849813e-01
         2.313053940011470e+00          3.436545020534550e-01
         2.329826161866736e+00          3.409135320539284e-01
         2.317554654480220e+00          3.408829356413552e-01
         2.301811807233200e+00          3.410332417896432e-01
         2.297742044771196e+00          3.462703755678067e-01
         2.331855283528874e+00          3.394134614045044e-01
         2.312554447226521e+00          3.443623717412995e-01
         2.314737334610637e+00          3.413199816905843e-01
         2.343164347503239e+00          3.384961674879270e-01
         2.344741073582985e+00          3.403952556982644e-01
         2.306171300286022e+00          3.405649938853683e-01
         2.310956979754718e+00          3.439080019833251e-01
         2.281274479660012e+00          3.499911156103365e-01
         2.311154026797805e+00          3.432194636975324e-01
         2.300996264885742e+00          3.458632757562624e-01
         2.331479712476984e+00          3.417332162744505e-01
         2.296383404430963e+00          3.469127728418948e-01
         2.295826178547322e+00          3.456617110935909e-01
         2.318459094386072e+00          3.405399014513145e-01
         2.331421307959821e+00          3.401076755246394e-01
         2.298474872734032e+00          3.449898440780399e-01
         2.312932631122992e+00          3.422248468976753e-01
         2.314792019276334e+00          3.404274293905998e-01
         2.320497232485804e+00          3.421290575602782e-01
         2.321922541986938e+00          3.430120976321126e-01
         2.321209524857729e+00          3.408989485684706e-01
         2.325716960726361e+00          3.428700473347865e-01
         2.298321616688792e+00          3.465133964064014e-01
         2.296784654087647e+00          3.449068977828431e-01
         2.321632832241463e+00          3.416456723735088e-01
         2.316763773090412e+00          3.431818213628398e-01
         2.315937924206703e+00          3.408758619470755e-01
         2.326462157065981e+00          3.397747974812411e-01
         2.313832738543093e+00          3.423955687317287e-01
         2.337753125675896e+00          3.384252360395391e-01
         2.310778612202001e+00          3.419060808475923e-01
         2.279155567674929e+00          3.501519110923466e-01
         2.308799653942768e+00          3.415978696707458e-01
         2.316777650008471e+00          3.438466745876238e-01
         2.317289934995872e+00          3.393559530382044e-01
         2.318006741736343e+00          3.418225157680681e-01
         2.284782984581321e+00          3.472207637582914e-01
         2.317603380367106e+00          3.429446908257661e-01
         2.303664598207176e+00          3.450050675437214e-01
         2.307994794503759e+00          3.437147628793003e-01
         2.307334385420235e+00          3.459746434882687e-01
         2.312187141872210e+00          3.446217491220550e-01
         2.290831063140517e+00          3.442002207650500e-01
         2.283176647111518e+00          3.477124656076933e-01
         2.327204233599102e+00          3.390832312689736e-01
         2.308126223783046e+00          3.432190929624224e-01
         2.317940770573040e+00          3.423328251604726e-01
         2.312905471563290e+00          3.418173883981606e-01
         2.291149193569087e+00          3.467751285954204e-01
         2.314322417834267e+00          3.445787846373137e-01
         2.300395056489161e+00          3.477232532361171e-01
         2.308293382417871e+00          3.441878819461123e-01
         2.297823422158625e+00          3.438541325656526e-01
         2.326487581757692e+00          3.408823271066735e-01
         2.287794447329842e+00          3.487648907642024e-01
         2.325659375923774e+00          3.395518127425535e-01
         2.330032212992964e+00          3.422776790460320e-01
         2.316894811985380e+00          3.431294428441514e-01
         2.305338012572995e+00          3.452427736749052e-01
         2.332834724106755e+00          3.414855511657872e-01
         2.271610556563461e+00          3.499356686007987e-01
         2.342860815441882e+00          3.377609743655166e-01
         2.310001175425973e+00          3.455123001285068e-01
         2.310178800652070e+00          3.431759542755587e-01
         2.331241252372796e+00          3.394998616103285e-01
         2.303757575324559e+00          3.455668956920268e-01
         2.317859009286364e+00          3.414709688497312e-01
         2.322309407868381e+00          3.436635758123264e-01
         2.304099811935289e+00          3.459934858883688e-01
         2.304263284723729e+00          3.461034788076472e-01
         2.315372075685051e+00          3.430341150695927e-01
         2.313988552152356e+00          3.418893601700687e-01
         2.311175636651193e+00          3.433637461612623e-01
         2.312790668587211e+00          3.434780537516305e-01
         2.333328737493616e+00          3.384486726241799e-01
         2.313603653681251e+00          3.443401084927296e-01
         2.327433493279914e+00          3.411911028914003e-01
         2.321012281706100e+00          3.411969801338138e-01
         2.322459321352881e+00          3.410929112696471e-01
         2.317221893792166e+00          3.406500955183959e-01
         2.303209195934010e+00          3.441222037886748e-01
         2.324069131735779e+00          3.406707628117794e-01
         2.329796876793723e+00          3.387366481547259e-01
         2.298475429667810e+00          3.436524415380272e-01
         2.290134301177353e+00          3.466461024643642e-01
         2.312121525613287e+00          3.472845952466825e-01
         2.301184452619286e+00          3.425437784645632e-01
         2.317943591270391e+00          3.446351046544530e-01
         2.304469625807902e+00          3.431733621316138e-01
         2.334320813991904e+00          3.408665184633132e-01
         2.326070283407272e+00          3.417591568292512e-01
         2.322270410669125e+00          3.432190990802395e-01
         2.325214636028917e+00          3.417661143782153e-01
         2.294564235994797e+00          3.438374979502374e-01
         2.306512683578464e+00          3.419219397071805e-01
         2.299420848843565e+00          3.448671991847289e-01
         2.312601065594159e+00          3.431366617104846e-01
         2.323164761743642e+00          3.412914842306654e-01
         2.301770023238345e+00          3.452797333019554e-01
         2.328540183108249e+00          3.393568726649334e-01
         2.317830852512500e+00          3.399279394213988e-01
         2.337105737479798e+00          3.383987147569983e-01
         2.321892550541500e+00          3.428028824231548e-01
         2.314266831917469e+00          3.422111197789424e-01
         2.316150110223204e+00          3.433363764648187e-01
         2.301965431137936e+00          3.456560690746702e-01
         2.319915543610247e+00          3.403656827371924e-01
         2.301779011827751e+00          3.437322856904436e-01
         2.317216432446367e+00          3.416170326362487e-01
         2.309610077482419e+00          3.453153055780113e-01
         2.301254364160087e+00          3.433271629656834e-01
         2.314877414087587e+00          3.423144823089818e-01
         2.304395324831930e+00          3.456361942379725e-01
         2.293253781512989e+00          3.456830863893896e-01
         2.306968050805729e+00          3.435642761317714e-01
         2.300306704466131e+00          3.455300266115868e-01
         2.310328563300777e+00          3.425612267341462e-01
         2.289831785121793e+00          3.444847756785162e-01
         2.319720531601845e+00          3.435618126574003e-01
         2.309591260950830e+00          3.418903907492538e-01
         2.284566510977248e+00          3.480903540075143e-01
         2.301039215426316e+00          3.461882505489996e-01
         2.282979067587428e+00          3.465440514266898e-01
         2.292747940943271e+00          3.441262184074245e-01
         2.325700319038327e+00          3.395185183266832e-01
         2.296212017427598e+00          3.449726353033093e-01
         2.289257645428771e+00          3.469601362662655e-01
         2.252642885987128e+00          3.539351953353953e-01
         2.307630381565128e+00          3.432413781205380e-01
         2.281880655779253e+00          3.479881856893023e-01
         2.298565553950856e+00          3.445691688458270e-01
         2.298182937509841e+00          3.456307204003154e-01
         2.316743227568824e+00          3.407499533787794e-01
         2.295536907174495e+00          3.463504334112514e-01
         2.318004923865403e+00          3.407365360630892e-01
         2.297557390429451e+00          3.440634291116613e-01
         2.304521175006745e+00          3.447364992369249e-01
         2.311975858686356e+00          3.434608765680692e-01
         2.344659591864059e+00          3.349946359803750e-01
         2.290748895743470e+00          3.478980953328922e-01
         2.311749623873079e+00          3.410200688432110e-01
         2.289788908819126e+00          3.433749280895800e-01
         2.314118184579817e+00          3.409792978398065e-01
         2.297440942009686e+00          3.457780534179360e-01
         2.316237202520065e+00          3.434954200646692e-01
         2.306426846460968e+00          3.444358896399957e-01
         2.316104718570818e+00          3.416185123569795e-01
         2.299695560548371e+00          3.447118059115970e-01
         2.321685888111107e+00          3.404956373264075e-01
         2.327765111438437e+00          3.387950093980623e-01
         2.319545464925990e+00          3.427227018135108e-01
         2.294831129879907e+00          3.455307276374068e-01
         2.308938691693683e+00          3.427709969548520e-01
         2.329729598970183e+00          3.407478630959602e-01
         2.312222003579575e+00          3.412461346062766e-01
         2.315668872845430e+00          3.431088831370357e-01
         2.342508257454988e+00          3.399781426204613e-01
         2.292558389225072e+00          3.456470879474191e-01
         2.314948003013326e+00          3.420089436308592e-01
         2.322792766698770e+00          3.426174639552812e-01
         2.334555247818522e+00          3.409895067548023e-01
         2.303888583570320e+00          3.474962923152322e-01
         2.323795209954326e+00          3.462884905856269e-01
         2.312584223441437e+00          3.441904687717192e-01
         2.333451219648506e+00          3.396653332305039e-01
         2.307286441000806e+00          3.437080438918765e-01
         2.290261417735206e+00          3.467295903496052e-01
         2.310726433791070e+00          3.444077288276540e-01
         2.306178003184258e+00          3.423920386430609e-01
         2.308822880296968e+00          3.419288164730063e-01
         2.312261703148187e+00          3.423222066843252e-01
         2.304893719108216e+00          3.435066380094532e-01
         2.317489715118302e+00          3.413441426675260e-01
         2.306375029773492e+00          3.436047399015214e-01
         2.312189316439194e+00          3.410237174871821e-01
         2.307847480194729e+00          3.450672352501689e-01
         2.287221625617337e+00          3.450901820097839e-01
         2.340225857112725e+00          3.400494801762297e-01
         2.309539863181001e+00          3.410092731451113e-01
         2.323748104885791e+00          3.424529309414772e-01
         2.302439767383079e+00          3.455710022044806e-01
         2.317112910224650e+00          3.413998527083931e-01
         2.328309203603579e+00          3.383859520305018e-01
         2.292782220783133e+00          3.462341140965691e-01
         2.331644368693431e+00          3.416742797314688e-01
         2.304593551847153e+00          3.442198925576030e-01
         2.311632578372853e+00          3.437816662143181e-01
         2.316508375770575e+00          3.442987704522558e-01
         2.290199876973372e+00          3.456170592985962e-01
         2.293875212895087e+00          3.454670412344597e-01
         2.287753576702902e+00          3.465468016917735e-01
         2.325863807223147e+00          3.428765272860132e-01
         2.298618386170108e+00          3.455132339889517e-01
         2.307017450031808e+00          3.427458810356341e-01
         2.335752047048399e+00          3.370622040372412e-01
         2.329218117956006e+00          3.379782235012686e-01
         2.308582689007436e+00          3.425369381620321e-01
         2.326482645279211e+00          3.400196380212726e-01
         2.272783171995860e+00          3.484178730027301e-01
         2.290129724497016e+00          3.477232263428212e-01
         2.302419743178160e+00          3.462301596583961e-01
         2.298299247493426e+00          3.463400496323187e-01
         2.293324859542774e+00          3.448741785184504e-01
         2.303679020382907e+00          3.445050219915014e-01
         2.322423533148607e+00          3.414446754313755e-01
         2.318350904481054e+00          3.404547893993337e-01
         2.311739510519155e+00          3.416729438287326e-01
         2.306692086419848e+00          3.428447821522002e-01
         2.309667550202920e+00          3.438935926116340e-01
         2.289101246007629e+00          3.482923240750898e-01
         2.304767519573263e+00          3.435616155067674e-01
         2.312032021557496e+00          3.422167967749743e-01
         2.288785623757093e+00          3.467104650668087e-01
         2.280161075376182e+00          3.459143359766477e-01
         2.306603789989991e+00          3.406493985457518e-01
         2.324397710429466e+00          3.408675092687271e-01
         2.322751903857833e+00          3.408094699253750e-01
         2.313044547592142e+00          3.410023217483207e-01
         2.266967447880575e+00          3.490442716549181e-01
         2.311444817377777e+00          3.424710592239905e-01
         2.325410283993349e+00          3.427403285366551e-01
         2.302909680274735e+00          3.432262729234168e-01
         2.294833443396211e+00          3.445258612893570e-01
         2.295271954913869e+00          3.460070503349023e-01
         2.305558739834645e+00          3.438372258888719e-01
         2.308710419175264e+00          3.431550260323976e-01
         2.319984669869942e+00          3.415750193366693e-01
         2.319581023853748e+00          3.422410981422963e-01
         2.290973861576280e+00          3.449609101697249e-01
         2.324756166276328e+00          3.415795580525587e-01
         2.293656950213884e+00          3.455952553409376e-01
         2.341620898546880e+00          3.392249067678326e-01
         2.319131700942573e+00          3.416703498005316e-01
         2.295082322027477e+00          3.456874873877253e-01
         2.292527073939493e+00          3.441670127073349e-01
         2.308356691743288e+00          3.419689069183744e-01
         2.309465407744301e+00          3.445492453168114e-01
         2.289061585888662e+00          3.457041196086540e-01
         2.328009744245713e+00          3.416335286160911e-01
         2.304604562643321e+00          3.444269432466261e-01
         2.297215565301991e+00          3.451992420619393e-01
         2.300540604304400e+00          3.455377364284122e-01
         2.295372095826837e+00          3.458353438328365e-01
         2.330581972861305e+00          3.372750221598750e-01
         2.324111882947923e+00          3.422434918219923e-01
         2.284613615128843e+00          3.487247459842431e-01
         2.293338601362526e+00          3.447844764019126e-01
         2.301085539950462e+00          3.465357968862142e-01
         2.312581380549666e+00          3.392362304778251e-01
         2.299209633233805e+00          3.438957131349007e-01
         2.315595708580764e+00          3.398403415263780e-01
         2.300817351217071e+00          3.438524554367774e-01
         2.306877604581802e+00          3.426591019964595e-01
         2.266934147553101e+00          3.480078208221875e-01
         2.309391835603790e+00          3.421068033606594e-01
         2.318830722452280e+00          3.432463708328011e-01
         2.306692843981280e+00          3.421526235869323e-01
         2.299983744077908e+00          3.417188827221344e-01
         2.318961055073274e+00          3.421553746601873e-01
         2.300286913272066e+00          3.412389172431288e-01
         2.334835603978215e+00          3.400061464518093e-01
         2.303852235645130e+00          3.428086205766370e-01
         2.325288077449395e+00          3.392787778152995e-01
         2.303764095745504e+00          3.444130351569198e-01
         2.286591554945729e+00          3.471921700719318e-01
         2.294569801065690e+00          3.467575266127167e-01
         2.307037771568653e+00          3.455892673321076e-01
         2.324415337793231e+00          3.406610720972433e-01
         2.311298462979016e+00          3.427889844852340e-01
         2.338096355080024e+00          3.415285607039097e-01
         2.325677761968407e+00          3.413563788804878e-01
         2.324996834079183e+00          3.395259806959690e-01
         2.304449987636948e+00          3.436752158827016e-01
         2.273107770250959e+00          3.479479651278471e-01
         2.281971108775989e+00          3.478247241010496e-01
         2.341669613414969e+00          3.390400746316332e-01
         2.279731647885718e+00          3.487261446288482e-01
         2.295555814550540e+00          3.447498964675915e-01
         2.302460250699235e+00          3.459727272923537e-01
         2.324684962930503e+00          3.413136218013918e-01
         2.309499880381618e+00          3.427380320428101e-01
         2.321714283163943e+00          3.411695459790244e-01
         2.310469184668034e+00          3.421855453516499e-01
         2.326056520694511e+00          3.425462580323883e-01
         2.322031892231838e+00          3.422081681877179e-01
         2.320985251989642e+00          3.425966925869278e-01
         2.307003950561210e+00          3.446012477132840e-01
         2.306727453280769e+00          3.430627950430226e-01
         2.320530154571482e+00          3.436028140658435e-01
         2.303205356325758e+00          3.446809442236224e-01
         2.292675925441187e+00          3.454329869708733e-01
         2.300851452373786e+00          3.469465875576387e-01
         2.309173687359047e+00          3.440369831028621e-01
         2.310859108310160e+00          3.434714954262526e-01
         2.313582596791165e+00          3.415348247831814e-01
         2.307393016957659e+00          3.441030891113733e-01
         2.292878537608408e+00          3.439765442876116e-01
         2.319080970345095e+00          3.419416525016628e-01
         2.313926486264169e+00          3.429362606646389e-01
         2.307586671265733e+00          3.446390666973851e-01
         2.297257641251131e+00          3.455009610774048e-01
         2.313856691494558e+00          3.443402597301766e-01
         2.286498572146982e+00          3.473816872058005e-01
         2.317290425175882e+00          3.422838821317132e-01
         2.312053844282985e+00          3.437357756347761e-01
         2.294370948403283e+00          3.440493918888294e-01
         2.300910247526314e+00          3.429899254028794e-01
         2.321038170702114e+00          3.419166531247100e-01
         2.287945973181606e+00          3.475914243742393e-01
         2.314839249318534e+00          3.424898625247537e-01
         2.320941269141488e+00          3.431427242428065e-01
         2.333424660615245e+00          3.402805889596596e-01
         2.315228381433545e+00          3.431837058646185e-01
         2.317613121239454e+00          3.455917057087922e-01
         2.296374797846865e+00          3.462900749461332e-01
         2.294448409456338e+00          3.448438962274283e-01
         2.282654463588237e+00          3.465348720505924e-01
         2.328475281246930e+00          3.406839255665912e-01
         2.311115642974342e+00          3.421791039555738e-01
         2.281692808770806e+00          3.503719014744834e-01
         2.308234653015266e+00          3.432015419812380e-01
         2.317211763260815e+00          3.396378585463737e-01
         2.290712238655384e+00          3.451898055151109e-01
         2.345995833598514e+00          3.362221220570786e-01
         2.305369971752224e+00          3.449489506728261e-01
         2.334762548634628e+00          3.410378009490576e-01
         2.293132386553423e+00          3.429932178869853e-01
         2.325249269221314e+00          3.414812488150447e-01
         2.313378807313345e+00          3.421142246182799e-01
         2.308061873349478e+00          3.457031506207164e-01
         2.310415115985432e+00          3.431321231516419e-01
         2.303118571639099e+00          3.451275926365429e-01
         2.316294907543115e+00          3.423444271951419e-01
         2.316599775452555e+00          3.429173309454235e-01
         2.312241780791388e+00          3.469936472012640e-01
         2.313641610108967e+00          3.430757196943521e-01
         2.303394193426996e+00          3.422651405491403e-01
         2.327899483414897e+00          3.399967441449712e-01
         2.307514846160649e+00          3.449532288187132e-01
         2.310875679529238e+00          3.446711056894485e-01
         2.324643422348152e+00          3.402662682264317e-01
         2.332166085721459e+00          3.379762063370436e-01
         2.307750680076901e+00          3.460708357277033e-01
         2.304063854718977e+00          3.432406494439708e-01
         2.313001617881300e+00          3.423733623455165e-01
         2.279608850898182e+00          3.489761124486969e-01
         2.304547471934582e+00          3.442339240158931e-01
         2.308024263309443e+00          3.426970296226085e-01
         2.302481263586322e+00          3.450642646585148e-01
         2.292410592718924e+00          3.458241548662447e-01
         2.313837845025756e+00          3.416726781973860e-01
         2.315059572956618e+00          3.441180970062753e-01
         2.294710856784262e+00          3.469862593258674e-01
         2.299877792860666e+00          3.439184484295767e-01
         2.300595607781551e+00          3.459680854937614e-01
         2.300901337913040e+00          3.431748018821045e-01
         2.304217349614302e+00          3.456738689937278e-01
         2.294843476512144e+00          3.455050163159726e-01
         2.303220470025685e+00          3.442501174782964e-01
         2.304416248601483e+00          3.441041523428622e-01
         2.305669585968538e+00          3.451483940562634e-01
         2.306826480109618e+00          3.429200337146825e-01
         2.329762886050832e+00          3.396959422297198e-01
         2.328314975099939e+00          3.430958597989365e-01
         2.319275720567681e+00          3.405375433015367e-01
         2.305702702077301e+00          3.449526414229571e-01
         2.298951591872743e+00          3.466855526159572e-01
         2.296000666204550e+00          3.428017191708575e-01
         2.299599732225988e+00          3.456277220285968e-01
         2.310613664954632e+00          3.433019808088985e-01
         2.300510424304689e+00          3.438735922068515e-01
         2.326220053494899e+00          3.425494455397505e-01
         2.312254852637006e+00          3.430021158183353e-01
         2.296721930222781e+00          3.487246283109534e-01
         2.299751195075493e+00          3.444198738921562e-01
         2.310434917205087e+00          3.435746585135210e-01
         2.303219140317252e+00          3.420517770709168e-01
         2.298257195977766e+00          3.434414626651326e-01
         2.318413067745464e+00          3.405259638519684e-01
         2.319550732699524e+00          3.420863068131522e-01
         2.300424429147230e+00          3.449281793779977e-01
         2.298254954303272e+00          3.454048011019241e-01
         2.310620736114422e+00          3.425511273124987e-01
         2.319385716814083e+00          3.411210630415991e-01
         2.299519786516357e+00          3.470677045283691e-01
         2.313150597712904e+00          3.421569555693065e-01
         2.300518560379008e+00          3.448366023859086e-01
         2.297926449258220e+00          3.456034773638668e-01
         2.321231299350634e+00          3.402244946625675e-01
         2.303619185197999e+00          3.472187322726952e-01
         2.284345703517690e+00          3.446981241645862e-01
         2.304590188235513e+00          3.443127890670842e-01
         2.330923785281068e+00          3.394283364853249e-01
         2.322224617016413e+00          3.403230786106952e-01
         2.302026795511236e+00          3.459220002672396e-01
         2.313251628836413e+00          3.426320452639909e-01
         2.320463993936836e+00          3.396588781562188e-01
         2.283975149869750e+00          3.479078499789751e-01
         2.305397143918803e+00          3.424068571999112e-01
         2.338182908659482e+00          3.393798922963275e-01
         2.305091951822416e+00          3.449550819077448e-01
         2.291516147650864e+00          3.471348380369251e-01
         2.308533065456903e+00          3.448460498943371e-01
         2.304057192737353e+00          3.460089449323139e-01
         2.308322940516480e+00          3.436480145156927e-01
         2.309311620713026e+00          3.411074226251924e-01
         2.292721682519170e+00          3.479632184006532e-01
         2.327141106393960e+00          3.419803651382571e-01
         2.304172134403049e+00          3.435561726711391e-01
         2.324137500302766e+00          3.389256046969074e-01
         2.280735572223253e+00          3.468823850309470e-01
         2.332155571386727e+00          3.411393070312440e-01
         2.306022529029086e+00          3.422455724893540e-01
         2.324936878906525e+00          3.411752914196337e-01
         2.310003106198762e+00          3.428926772650921e-01
         2.322469782322585e+00          3.420184842330990e-01
         2.324542860963720e+00          3.427725778449146e-01
         2.304179413816632e+00          3.452137259783513e-01
         2.300363831219008e+00          3.450081166219160e-01
         2.330124605974637e+00          3.404742459330098e-01
         2.311763272037511e+00          3.405685743108294e-01
         2.312003656867151e+00          3.396657074623363e-01
         2.301178226339183e+00          3.449476203472570e-01
         2.316043959090293e+00          3.415957475281056e-01
         2.316945693607900e+00          3.391940424554338e-01
         2.309043117235674e+00          3.433525584163277e-01
         2.307036476275458e+00          3.424647831868953e-01
         2.307149661432283e+00          3.435198484530144e-01
         2.304592228364473e+00          3.438522260029629e-01
         2.292820725691370e+00          3.458144737379256e-01
         2.296136717067203e+00          3.446414486017221e-01
         2.311067896793767e+00          3.436973200106944e-01
         2.287442363828856e+00          3.474573114383092e-01
         2.328057713599639e+00          3.397559508700507e-01
         2.298400700671692e+00          3.451393206066740e-01
         2.308064524263475e+00          3.450744185573221e-01
         2.305101954159075e+00          3.447980137082340e-01
         2.321497287068651e+00          3.416329166030153e-01
         2.339531502975848e+00          3.405000527144986e-01
         2.294230372485318e+00          3.460829539316905e-01
         2.328843100894971e+00          3.408424262174508e-01
         2.311185798908735e+00          3.428502974423057e-01
         2.304559938364556e+00          3.466206004456875e-01
         2.291401382556047e+00          3.470179555092551e-01
         2.303818378947136e+00          3.439671782175418e-01
         2.304540371176449e+00          3.452306454176640e-01
         2.313783889767754e+00          3.450985603397274e-01
         2.327790457542209e+00          3.416556745323062e-01
         2.286219883059395e+00          3.466905941565714e-01
         2.293986919888163e+00          3.455153534174998e-01
         2.312406941071250e+00          3.426528834850561e-01
         2.331239743117880e+00          3.391767221591179e-01
         2.281253753443788e+00          3.470446070430420e-01
         2.308990439953259e+00          3.438736664740670e-01
         2.302791525860886e+00          3.461359350672010e-01
         2.295882441145666e+00          3.489480570691316e-01
         2.324595486061975e+00          3.390944976689700e-01
         2.342721476972678e+00          3.392604161346934e-01
         2.305912807879891e+00          3.442821582075588e-01
         2.314334440119323e+00          3.462141619747028e-01
         2.316335442888838e+00          3.437896075703001e-01
         2.286492194447537e+00          3.474982522381710e-01
         2.321280680450742e+00          3.415525250255692e-01
         2.301033567430253e+00          3.477029370337879e-01
         2.297025361816909e+00          3.460740842266177e-01
         2.309492165165460e+00          3.443475495387131e-01
         2.320772843863925e+00          3.389387974557744e-01
         2.304204800873177e+00          3.450690662943610e-01
         2.318589118944985e+00          3.424173458376450e-01
         2.330737341556983e+00          3.420429628828120e-01
         2.315887394990767e+00          3.419120793974322e-01
         2.324934297329249e+00          3.392347319660420e-01
         2.313072020653982e+00          3.461455404821788e-01
         2.310376625992919e+00          3.416647331878535e-01
         2.320496061469194e+00          3.407095998497466e-01
         2.286635235193307e+00          3.472217799718043e-01
         2.301432783828272e+00          3.438576711063576e-01
         2.314291796730654e+00          3.440029364840139e-01
         2.328843524167374e+00          3.411096663482661e-01
         2.331181982768157e+00          3.389930346886084e-01
         2.329330479650619e+00          3.387938076607139e-01
         2.316622717531545e+00          3.416926396880742e-01
         2.299751616487498e+00          3.441715910704355e-01
         2.336136891095010e+00          3.410645831346132e-01
         2.296384977708398e+00          3.445432923889386e-01
         2.315430738456809e+00          3.442941280024593e-01
         2.308583761337081e+00          3.412016586728373e-01
         2.311326683274774e+00          3.434437191366393e-01
         2.320022787893468e+00          3.429683597125130e-01
         2.296921742046270e+00          3.462195066958348e-01
         2.323800730675049e+00          3.425343122601396e-01
         2.321148436732957e+00          3.437106278084145e-01
         2.301055809770621e+00          3.440664476779532e-01
         2.306907810743668e+00          3.424971854836859e-01
         2.296264734502556e+00          3.453389198080406e-01
         2.310985050574055e+00          3.444231862854010e-01
         2.304996848106389e+00          3.431870007327640e-01
         2.294850177249184e+00          3.479697752507230e-01
         2.312988907096862e+00          3.409118002285242e-01
         2.299201644045376e+00          3.441761027507007e-01
         2.328799653921993e+00          3.387406780306404e-01
         2.305524495419522e+00          3.434565304881050e-01
         2.304674597263848e+00          3.435508430060126e-01
         2.326434811352644e+00          3.395290958163684e-01
         2.323100482190649e+00          3.436173398448327e-01
         2.318169339774439e+00          3.432710042428865e-01
         2.326413059028060e+00          3.408245424267400e-01
         2.314549980753881e+00          3.410701371514794e-01
         2.322602802486111e+00          3.413297827879114e-01
         2.298504562186652e+00          3.471168981813423e-01
         2.306767695975168e+00          3.436559756441475e-01
         2.298919028952787e+00          3.444713410766500e-01
         2.311102075317142e+00          3.406575458269726e-01
         2.344598667857463e+00          3.372015782586600e-01
         2.310412708128757e+00          3.458863839159788e-01
         2.310865228532519e+00          3.427197529961720e-01
         2.291241018795701e+00          3.458870097084922e-01
         2.301724573885871e+00          3.449590647660778e-01
         2.309088073931747e+00          3.461481242693618e-01
         2.303244388400334e+00          3.426902887250738e-01
         2.310087789431608e+00          3.425081072662971e-01
         2.316067310564928e+00          3.450763235017874e-01
         2.313421055874561e+00          3.436427839609958e-01
         2.313506991843348e+00          3.449517489708253e-01
         2.299732023088011e+00          3.445602088118140e-01
         2.306473890125843e+00          3.438600636289594e-01
         2.316321224155885e+00          3.422968959431913e-01
         2.314682872936541e+00          3.446416359843381e-01
         2.297853770530280e+00          3.462108152379179e-01
         2.311123758390881e+00          3.442813636005462e-01
         2.331979391512522e+00          3.404815710213652e-01
         2.287828425867501e+00          3.472407567218792e-01
         2.320546496849876e+00          3.398289502563157e-01
         2.330894282117830e+00          3.394327984315021e-01
         2.336428946618601e+00          3.388863471418115e-01
         2.281387211725880e+00          3.481177353238135e-01
         2.301218858320186e+00          3.478790145490334e-01
         2.311390557530993e+00          3.441852900242877e-01
         2.331474999423260e+00          3.397207176508168e-01
         2.329492797124452e+00          3.408431986588157e-01
         2.300150162304940e+00          3.450888218926447e-01
         2.327722828222389e+00          3.400887896715328e-01
         2.306799023335374e+00          3.439989289038988e-01
         2.324441281984764e+00          3.410784847647257e-01
         2.303435569679917e+00          3.455504075201548e-01
         2.307734344745173e+00          3.424060862609092e-01
         2.288883336882246e+00          3.469254205793697e-01
         2.294310316393844e+00          3.465526232981785e-01
         2.298022437555770e+00          3.464181627753231e-01
         2.285303759718823e+00          3.484701382459704e-01
         2.322489076637866e+00          3.407882845493315e-01
         2.326336758030290e+00          3.420777715517784e-01
         2.308850459488728e+00          3.446720084131092e-01
         2.313728329615502e+00          3.420316864916066e-01
         2.300660204199188e+00          3.461030832576750e-01
         2.291999676020493e+00          3.456180952712479e-01
         2.307817587951554e+00          3.438071584689854e-01
         2.317843445125039e+00          3.418789244751376e-01
         2.275689588442131e+00          3.501170938700751e-01
         2.289950830151600e+00          3.454116993617015e-01
         2.316015628667773e+00          3.422768597584543e-01
         2.313644278049375e+00          3.438396693574141e-01
         2.322223257831037e+00          3.401896825020506e-01
         2.296061847604296e+00          3.449418186121871e-01
         2.316315225724569e+00          3.433529129135682e-01
         2.317261175483192e+00          3.454034267247230e-01
         2.306605540786012e+00          3.436978623408568e-01
         2.301986261183510e+00          3.431851407313988e-01
         2.326448339494489e+00          3.408170450914174e-01
         2.304703148426572e+00          3.420572334627262e-01
         2.303777876089139e+00          3.447205249098851e-01
         2.307625227932001e+00          3.420698135648272e-01
         2.296274500012256e+00          3.443650616365577e-01
         2.324671897607871e+00          3.416796961343627e-01
         2.315879829695924e+00          3.437921473152150e-01
         2.298889369388951e+00          3.461208399646353e-01
         2.305293851294498e+00          3.436721846721236e-01
         2.310767491165308e+00          3.445573957555296e-01
         2.308410294691657e+00          3.408384652987286e-01
         2.291840285736481e+00          3.472023782703652e-01
         2.313756180594357e+00          3.406757650999386e-01
         2.305484044897196e+00          3.425746399611158e-01
         2.294717075677525e+00          3.465536317033252e-01
         2.297390517537055e+00          3.437857234150068e-01
         2.284585805062183e+00          3.489477748783472e-01
         2.309938093769128e+00          3.409514230233588e-01
         2.304122066788250e+00          3.429751234945181e-01
         2.325929865778384e+00          3.409180213016663e-01
         2.307988242327868e+00          3.432908218372178e-01
         2.291623444331859e+00          3.467206205695528e-01
         2.306949919612989e+00          3.430581022650937e-01
         2.321511941458265e+00          3.421308574995318e-01
         2.281944681825885e+00          3.509990233716953e-01
         2.289899851949963e+00          3.457944607339031e-01
         2.329361804763164e+00          3.394641138467863e-01
         2.327757095810421e+00          3.405383575756744e-01
         2.302690110116400e+00          3.451631411501270e-01
         2.315914296115340e+00          3.421417439831084e-01
         2.309969137118583e+00          3.447612678014176e-01
         2.272325689951204e+00          3.474501612827945e-01
         2.295518004847405e+00          3.454554918910207e-01
         2.314803208506900e+00          3.436857940929579e-01
         2.317098571840025e+00          3.411626440839169e-01
         2.312064187382837e+00          3.432944396673318e-01
         2.303353774037803e+00          3.409202732853758e-01
         2.306973695407390e+00          3.442110373358406e-01
         2.284022867677152e+00          3.463874408654809e-01
         2.348460449876124e+00          3.352707510802704e-01
         2.317768454115744e+00          3.404333098877752e-01
         2.288943206137959e+00          3.452182971688323e-01
         2.292889298126866e+00          3.469870727287591e-01
         2.333162736518476e+00          3.408261819597659e-01
         2.310616515294507e+00          3.421881659513247e-01
         2.315903296343297e+00          3.429200136076144e-01
         2.302193983479436e+00          3.456835615580655e-01
         2.316332065157950e+00          3.415015785023142e-01
         2.307557892283226e+00          3.446738403622102e-01
         2.337651913140635e+00          3.392362893825270e-01
         2.303977868094663e+00          3.432885708461771e-01
         2.295414707225730e+00          3.487214258284053e-01
         2.321495591855609e+00          3.410124219834172e-01
         2.317590028580061e+00          3.410008868076476e-01
         2.283559720946319e+00          3.485025616570903e-01
         2.293900004736825e+00          3.475630210140326e-01
         2.290098884051223e+00          3.447279909455794e-01
         2.311467522518870e+00          3.443596927001453e-01
         2.310112935048443e+00          3.435365411108417e-01
         2.318640257946627e+00          3.422522088315874e-01
         2.318446458119498e+00          3.420254073674870e-01
         2.312127482172837e+00          3.422760832392001e-01
         2.300653972302352e+00          3.440322103509437e-01
         2.319991452522404e+00          3.410765217962551e-01
         2.303937528457166e+00          3.448858062656430e-01
         2.307303546510067e+00          3.437825107737255e-01
         2.288799986980529e+00          3.478876825341349e-01
         2.332902876381678e+00          3.388843490937482e-01
         2.296630199022945e+00          3.457324843497891e-01
         2.265793517214187e+00          3.527917434098464e-01
         2.326955688142851e+00          3.428739999976927e-01
         2.314350256280060e+00          3.430677279647895e-01
         2.308148992937974e+00          3.436764218997297e-01
         2.283342640640533e+00          3.447578899492761e-01
         2.324520119061565e+00          3.404782884333730e-01
         2.319058123120296e+00          3.411443020128074e-01
         2.305946389366375e+00          3.461895405191602e-01
         2.291468840961406e+00          3.491228693501731e-01
         2.305486609077508e+00          3.442851088090715e-01
         2.342766160535630e+00          3.373501492799623e-01
         2.311841741599442e+00          3.427573434414883e-01
         2.308733467011478e+00          3.426439077239892e-01
         2.275830825252489e+00          3.489693540352446e-01
         2.331449133608134e+00          3.406496318433900e-01
         2.310123246557665e+00          3.431440811727285e-01
         2.310636808290285e+00          3.414227525172585e-01
         2.298756989898165e+00          3.444932110544635e-01
         2.301972622693980e+00          3.450940297538265e-01
         2.314738313262445e+00          3.417855254096331e-01
         2.309512545109684e+00          3.424272645856199e-01
         2.328142774151034e+00          3.382108252677667e-01
         2.293724732098008e+00          3.451486099209553e-01
         2.326144993620546e+00          3.424025338646298e-01
         2.293907667225890e+00          3.461100078642400e-01
         2.328161019857809e+00          3.384287169925777e-01
         2.325445052801418e+00          3.427179504577640e-01
         2.328110934703051e+00          3.405848820800577e-01
         2.305984616184985e+00          3.447950348214396e-01
         2.268373779758893e+00          3.501282880350073e-01
         2.312490575561090e+00          3.431487422006048e-01
         2.303716410358167e+00          3.470343088327970e-01
         2.299368463726329e+00          3.445328383002866e-01
         2.302284359860301e+00          3.444070456301028e-01
         2.327547592027496e+00          3.427094054062806e-01
         2.314237135346898e+00          3.468611113596934e-01
         2.297995313313300e+00          3.460588555131386e-01
         2.267588353559559e+00          3.511163086502805e-01
         2.318129629859587e+00          3.432302318934689e-01
         2.308668143025549e+00          3.425940771812492e-01
         2.298529192899081e+00          3.445262049403968e-01
         2.319217592469982e+00          3.419004290840894e-01
         2.316751628209955e+00          3.424245274211699e-01
         2.331942998965658e+00          3.418826201808296e-01
         2.287640358864192e+00          3.473425669102572e-01
         2.321471146267406e+00          3.421102600952064e-01
         2.311420146096612e+00          3.419570321302698e-01
         2.316347981832534e+00          3.466992541586844e-01
         2.310043392192609e+00          3.437863204690989e-01
         2.311460292910518e+00          3.461836746569441e-01
         2.318806291550652e+00          3.417370591981934e-01
         2.307846293852667e+00          3.418429753953952e-01
         2.307339749543599e+00          3.447338216925853e-01
         2.306876968078291e+00          3.417773112040078e-01
         2.308646771898085e+00          3.416318990628241e-01
         2.293005541087590e+00          3.470830703550565e-01
         2.323358178270045e+00          3.423138726855933e-01
         2.280477734168188e+00          3.457490644468973e-01
         2.310118695202999e+00          3.436929987608163e-01
         2.346726879045619e+00          3.360382805406403e-01
         2.289317910657517e+00          3.472823355353060e-01
         2.298620216614511e+00          3.458073912088830e-01
         2.320038030197589e+00          3.407464170296340e-01
         2.297925845064316e+00          3.465868236525730e-01
         2.313977778485406e+00          3.430831502120740e-01
         2.282954677805364e+00          3.473049191243968e-01
         2.291220228421065e+00          3.453364729147483e-01
         2.309799892178051e+00          3.428185869846502e-01
         2.276184884529974e+00          3.498632512568143e-01
         2.319093250793306e+00          3.417184007868181e-01
         2.296434041393250e+00          3.451741960843500e-01
         2.332819834592623e+00          3.380725097150782e-01
         2.317613125757967e+00          3.393902624405651e-01
         2.304589001996437e+00          3.423540474876309e-01
         2.292002711926485e+00          3.453712622386137e-01
         2.281002228694604e+00          3.461796878702198e-01
         2.297048692427478e+00          3.443945022485877e-01
         2.293272046049722e+00          3.466187293650933e-01
         2.305503393513906e+00          3.468140340913246e-01
         2.319155606162536e+00          3.414527565810633e-01
         2.327692515201547e+00          3.412541171115625e-01
         2.301453804727003e+00          3.458578212737042e-01
         2.324720260206817e+00          3.428353823439481e-01
         2.320100830216862e+00          3.408179715819447e-01
         2.294213123808017e+00          3.466485606354917e-01
         2.293762218426996e+00          3.456624358460378e-01
         2.328885039664701e+00          3.391914543886310e-01
         2.305696875287849e+00          3.444922727230448e-01
         2.329867170681324e+00          3.418536358341412e-01
         2.307551547489343e+00          3.459128965782944e-01
         2.303703914650289e+00          3.434694987792837e-01
         2.296529809720846e+00          3.457653954866898e-01
         2.281576550030861e+00          3.487552216424256e-01
         2.316575866524516e+00          3.434136343960625e-01
         2.314589884387847e+00          3.448158700522318e-01
         2.301099441563878e+00          3.439949719068627e-01
         2.305769707584680e+00          3.432944868609623e-01
         2.307087163661704e+00          3.450537157145256e-01
         2.315096015275390e+00          3.426994022193093e-01
         2.317305647971746e+00          3.426491406191431e-01
         2.305352041834875e+00          3.455925697544739e-01
         2.309564078566679e+00          3.448592923830928e-01
         2.325641011320485e+00          3.405393089874268e-01
         2.305352998325076e+00          3.418953589379614e-01
         2.323635244306968e+00          3.406938734963023e-01
         2.283855426003563e+00          3.481435269140389e-01
         2.316499149042685e+00          3.444467142889939e-01
         2.323766344160261e+00          3.396715464995804e-01
         2.288935278519892e+00          3.463754963206210e-01
         2.284079805510768e+00          3.449789606938388e-01
         2.306046012287924e+00          3.490946732408884e-01
         2.295782871001400e+00          3.440520784609942e-01
         2.309984340069402e+00          3.443462550468956e-01
         2.315875189020052e+00          3.403373625794404e-01
         2.305893062432716e+00          3.419109647217849e-01
         2.318694689699381e+00          3.403137351125171e-01
         2.305603720441836e+00          3.424649222683268e-01
         2.308867821575024e+00          3.428870128296804e-01
         2.322258099790989e+00          3.426445327942165e-01
         2.326860054619966e+00          3.391552876684665e-01
         2.311399383023438e+00          3.433308375828119e-01
         2.317810815369982e+00          3.419081590117218e-01
         2.311121785601757e+00          3.418023551424020e-01
         2.302579265539887e+00          3.421104107214317e-01
         2.310783900989365e+00          3.435067875253383e-01
         2.318007834671965e+00          3.420711561815860e-01
         2.310286423248438e+00          3.432509369134410e-01
         2.330462907754415e+00          3.376765556465936e-01
         2.307899836954105e+00          3.415638048208302e-01
         2.317059327437813e+00          3.394782187531679e-01
         2.298517005654671e+00          3.442677720540662e-01
         2.354424917457245e+00          3.347495990849024e-01
         2.291791630562606e+00          3.466286519299450e-01
         2.310655807483720e+00          3.427672116925660e-01
         2.289964667473720e+00          3.458367230674517e-01
         2.320630282670527e+00          3.419866179439240e-01
         2.328244000347740e+00          3.410156735148430e-01
         2.327633472615790e+00          3.393278536910438e-01
         2.289498805425174e+00          3.482611319712099e-01
         2.301653907707606e+00          3.435488989731119e-01
         2.300487491992402e+00          3.464396463748195e-01
         2.319790649030239e+00          3.411038451585947e-01
         2.338981792623492e+00          3.399101391989430e-01
         2.319236190113446e+00          3.445386947316853e-01
         2.327191756980838e+00          3.389146212051382e-01
         2.314070031426120e+00          3.410599071205966e-01
         2.321114785578090e+00          3.422226180422940e-01
         2.294621032625533e+00          3.441629819661889e-01
         2.292159036711315e+00          3.481812725748813e-01
         2.325097606826272e+00          3.429668569053349e-01
         2.299689443884978e+00          3.434231178828475e-01
         2.314774798765944e+00          3.425673365908993e-01
         2.333281124145369e+00          3.394111161492370e-01
         2.291512188919431e+00          3.457056166361097e-01
         2.295131132314161e+00          3.475383933975564e-01
         2.333829972652175e+00          3.398973607292394e-01
         2.319071378710939e+00          3.430581767078508e-01
         2.317092142530447e+00          3.397095668460362e-01
         2.331238239400927e+00          3.420093299776627e-01
         2.322452124797024e+00          3.415106750709959e-01
         2.326443826085123e+00          3.415999957860363e-01
         2.295661850891515e+00          3.452715833796225e-01
         2.300327651090798e+00          3.449323592449605e-01
         2.309016351674016e+00          3.461948825158346e-01
         2.294606892016925e+00          3.428652897216561e-01
         2.316914599424688e+00          3.439125795747294e-01
         2.309612207045667e+00          3.436270287647802e-01
         2.292355006343511e+00          3.468498511883307e-01
         2.301013900847335e+00          3.443502431910384e-01
         2.296443807003520e+00          3.457932241610589e-01
         2.300032113135727e+00          3.435021366866634e-01
         2.330836851793265e+00          3.423558255525562e-01
         2.284404234774937e+00          3.459804425481330e-01
         2.293263134991541e+00          3.483270668009735e-01
         2.295823488432394e+00          3.474510088972521e-01
         2.300241025116058e+00          3.441610859989944e-01
         2.297271657037188e+00          3.469498393667708e-01
         2.311676014885770e+00          3.429761662205603e-01
         2.323420646196763e+00          3.443805041774702e-01
         2.321209954484088e+00          3.437385751921120e-01
         2.311219185274445e+00          3.456126048346373e-01
         2.293550084457041e+00          3.452597868097552e-01
         2.300576925677127e+00          3.453415025152149e-01
         2.297754576984221e+00          3.435543162548480e-01
         2.295410880723275e+00          3.450014414279498e-01
         2.298955497164020e+00          3.452425912728064e-01
         2.303529426819450e+00          3.439282367711456e-01
         2.281913473206604e+00          3.456575091945570e-01
         2.311579557248782e+00          3.442291758300217e-01
         2.315399941749592e+00          3.412406869642357e-01
         2.261008360381053e+00          3.512433300540751e-01
         2.284585063873513e+00          3.494607929354200e-01
         2.285095429937370e+00          3.468739745231216e-01
         2.323750690918495e+00          3.430599529531940e-01
         2.308927968866401e+00          3.428198161839460e-01
         2.316221864831234e+00          3.432568739695036e-01
         2.302072157152206e+00          3.444872133001485e-01
         2.306496137069459e+00          3.443154381839392e-01
         2.300662826646972e+00          3.453706524791911e-01
         2.306329083284572e+00          3.436895718606254e-01
         2.324857522974959e+00          3.421933850142558e-01
         2.300150353394768e+00          3.447511786175660e-01
         2.307117689362720e+00          3.453548200441428e-01
         2.288144877245091e+00          3.461290103869063e-01
         2.344688229986644e+00          3.383530894102719e-01
         2.333709821158994e+00          3.399715253313758e-01
         2.323266862107053e+00          3.438271395662232e-01
         2.275163338119312e+00          3.484399299536136e-01
         2.322431357629804e+00          3.422933378040479e-01
         2.294680694161976e+00          3.446253480556461e-01
         2.330294726903348e+00          3.433547421352016e-01
         2.305918563941959e+00          3.440515122088960e-01
         2.295339249441710e+00          3.447789286327717e-01
         2.300383975424781e+00          3.453475270516533e-01
         2.283451046528053e+00          3.483175640268092e-01
         2.288715470861090e+00          3.493094285568518e-01
         2.325863044762815e+00          3.431750667291148e-01
         2.294688124200000e+00          3.484712732983599e-01
         2.295275669467929e+00          3.452116755888618e-01
         2.296690946289471e+00          3.461196502430992e-01
         2.314501090928172e+00          3.441069704101159e-01
         2.295384009660830e+00          3.470672816542973e-01
         2.297336885205391e+00          3.463737546934769e-01
         2.308387136130088e+00          3.434421780490393e-01
         2.304574428438092e+00          3.468397370804285e-01
         2.281976875898494e+00          3.500446006126685e-01
         2.325573736325776e+00          3.416028288835012e-01
         2.295301035486051e+00          3.446085190875633e-01
         2.331923761699277e+00          3.383291252634581e-01
         2.309733676160263e+00          3.444210934406061e-01
         2.291308864519088e+00          3.457622688218536e-01
         2.327975866416744e+00          3.393635643259049e-01
         2.313408918614968e+00          3.405222417104742e-01
         2.306222980106588e+00          3.463232854379222e-01
         2.318271755060707e+00          3.419865178265358e-01
         2.306104148352674e+00          3.456848611390331e-01
         2.301119091582450e+00          3.441857853279491e-01
         2.283018598976001e+00          3.492917878620024e-01
         2.295230384963710e+00          3.455513235646293e-01
         2.313874305606933e+00          3.425922258124321e-01
         2.283146651277380e+00          3.480838719814846e-01
         2.320931967985215e+00          3.402032768187569e-01
         2.303837499898546e+00          3.412651896438851e-01
         2.337888302181298e+00          3.399234689428323e-01
         2.297584107915910e+00          3.464137362285724e-01
         2.291614453472299e+00          3.472859189385386e-01
         2.290532716776107e+00          3.473712595398168e-01
         2.279140882489480e+00          3.492463811870867e-01
         2.323358210731564e+00          3.409261249231698e-01
         2.308139919547944e+00          3.455773178298098e-01
         2.331683447977599e+00          3.412004718683101e-01
         2.307805081907491e+00          3.449341421966809e-01
         2.291837740128702e+00          3.458050618209054e-01
         2.319132953812601e+00          3.444020583540633e-01
         2.314258811179129e+00          3.408826993726379e-01
         2.304268374622093e+00          3.449271311278460e-01
         2.306815200796360e+00          3.434495279854356e-01
         2.292149094908260e+00          3.471538242687719e-01
         2.305723597003657e+00          3.447976901809245e-01
         2.284075993219972e+00          3.452061995257532e-01
         2.285850663436000e+00          3.478432364852202e-01
         2.294358313425756e+00          3.470828562172092e-01
